magic=xelqoria.scene
version=1
entity.0.id=1
entity.0.name="Sprite 1"
entity.0.transform.position=0.000000,0.000000,0.000000
entity.0.transform.rotation=0.000000,0.000000,0.000000
entity.0.transform.scale=1.000000,1.000000,1.000000
entity.0.hasSpriteComponent=true
