magic=xelqoria.scene
version=1
entity.0.id=1
entity.0.transform.position=-160.000000,0.000000,0.000000
entity.0.transform.rotation=0.000000,0.000000,0.000000
entity.0.transform.scale=1.000000,1.000000,1.000000
entity.0.spriteRef=sprites/mapchip-left
entity.1.id=2
entity.1.transform.position=160.000000,90.000000,0.000000
entity.1.transform.rotation=0.000000,0.000000,0.000000
entity.1.transform.scale=0.750000,0.750000,1.000000
entity.1.spriteRef=sprites/mapchip-right
entity.2.id=3
entity.2.transform.position=-1.000000,130.500000,0.000000
entity.2.transform.rotation=0.000000,0.000000,0.000000
entity.2.transform.scale=1.000000,1.000000,1.000000
entity.2.spriteRef=sprites/mapchip-right
entity.3.id=4
entity.3.transform.position=38.000000,14.500000,0.000000
entity.3.transform.rotation=0.000000,0.000000,0.000000
entity.3.transform.scale=1.000000,1.000000,1.000000
entity.3.spriteRef=sprites/mapchip-right
entity.4.id=5
entity.4.transform.position=-33.000000,130.500000,0.000000
entity.4.transform.rotation=0.000000,0.000000,0.000000
entity.4.transform.scale=1.000000,1.000000,1.000000
entity.4.spriteRef=sprites/mapchip-right
entity.5.id=6
entity.5.transform.position=-57.000000,128.500000,0.000000
entity.5.transform.rotation=0.000000,0.000000,0.000000
entity.5.transform.scale=1.000000,1.000000,1.000000
entity.5.spriteRef=sprites/mapchip-left
entity.6.id=7
entity.6.transform.position=-42.000000,206.500000,0.000000
entity.6.transform.rotation=0.000000,0.000000,0.000000
entity.6.transform.scale=1.000000,1.000000,1.000000
entity.6.spriteRef=sprites/mapchip-right
