magic=xelqoria.scene
version=1
entity.0.id=18
entity.0.name="Entity 18"
entity.0.transform.position=46.000000,-74.500000,0.000000
entity.0.transform.rotation=0.000000,0.000000,0.000000
entity.0.transform.scale=1.000000,1.000000,1.000000
entity.0.hasSpriteComponent=true
entity.0.spriteRef=sprites/mapchip-left
entity.1.id=19
entity.1.name="Entity 19"
entity.1.transform.position=0.000000,0.000000,0.000000
entity.1.transform.rotation=0.000000,0.000000,0.000000
entity.1.transform.scale=1.000000,1.000000,1.000000
entity.1.hasSpriteComponent=false
entity.2.id=20
entity.2.name="Entity 20"
entity.2.transform.position=0.000000,0.000000,0.000000
entity.2.transform.rotation=0.000000,0.000000,0.000000
entity.2.transform.scale=1.000000,1.000000,1.000000
entity.2.hasSpriteComponent=false
entity.3.id=21
entity.3.name="Entity 20 Copy"
entity.3.transform.position=0.000000,0.000000,0.000000
entity.3.transform.rotation=0.000000,0.000000,0.000000
entity.3.transform.scale=1.000000,1.000000,1.000000
entity.3.hasSpriteComponent=false
