magic=xelqoria.scene
version=1
entity.0.id=12
entity.0.transform.position=3.000000,120.500000,0.000000
entity.0.transform.rotation=0.000000,0.000000,0.000000
entity.0.transform.scale=1.000000,1.000000,1.000000
entity.0.spriteRef=sprites/mapchip-left
entity.1.id=13
entity.1.transform.position=-9.000000,-46.500000,0.000000
entity.1.transform.rotation=0.000000,0.000000,0.000000
entity.1.transform.scale=1.000000,1.000000,1.000000
entity.1.spriteRef=sprites/mapchip-right
entity.2.id=14
entity.2.transform.position=84.000000,73.500000,0.000000
entity.2.transform.rotation=0.000000,0.000000,0.000000
entity.2.transform.scale=1.000000,1.000000,1.000000
entity.2.spriteRef=sprites/mapchip-right
entity.3.id=15
entity.3.transform.position=41.000000,44.500000,0.000000
entity.3.transform.rotation=0.000000,0.000000,0.000000
entity.3.transform.scale=1.000000,1.000000,1.000000
entity.3.spriteRef=sprites/mapchip-left
