magic=xelqoria.scene
version=1
entity.0.id=12
entity.0.transform.position=3.000000,120.500000,0.000000
entity.0.transform.rotation=0.000000,0.000000,0.000000
entity.0.transform.scale=1.000000,1.000000,1.000000
entity.0.spriteRef=sprites/mapchip-left
entity.1.id=13
entity.1.transform.position=-9.000000,-46.500000,0.000000
entity.1.transform.rotation=0.000000,0.000000,0.000000
entity.1.transform.scale=1.000000,1.000000,1.000000
entity.1.spriteRef=sprites/mapchip-right
entity.2.id=24
entity.2.transform.position=-140.000000,94.000000,0.000000
entity.2.transform.rotation=0.000000,0.000000,0.000000
entity.2.transform.scale=1.000000,1.000000,1.000000
entity.2.spriteRef=sprites/mapchip-right
entity.3.id=25
entity.3.transform.position=-108.000000,-49.000000,0.000000
entity.3.transform.rotation=0.000000,0.000000,0.000000
entity.3.transform.scale=1.000000,1.000000,1.000000
entity.3.spriteRef=sprites/mapchip-right
entity.4.id=26
entity.4.transform.position=148.000000,-90.000000,0.000000
entity.4.transform.rotation=0.000000,0.000000,0.000000
entity.4.transform.scale=1.000000,1.000000,1.000000
entity.4.spriteRef=sprites/mapchip-right
